1 54.8 62
2 59.1 71
3 64.4 72
4 68.8 75
5 71.6 79
6 74.1 80
7 76.7 81
8 78.8 81
9 80.0 82
10 81.1 84
11 82.3 84
12 83.3 86
13 84.3 87
14 85.4 88
15 86.3 89
16 87.1 89
17 88.0 89
18 88.6 91
19 89.2 91
20 90.3 92
21 90.9 92
22 91.1 92
23 91.7 93
24 92.0 93
25 92.3 93
26 92.8 93
27 92.9 94
28 93.0 94
29 93.4 95
30 93.9 95
31 94.2 95
32 94.8 96
33 94.9 97
34 95.4 97
35 96.0 97
36 96.6 97
37 96.8 97
38 96.9 98
39 96.9 98
40 97.2 98
41 97.6 98
42 97.8 98
43 97.9 98
44 97.9 98
45 97.9 98
46 97.9 99
47 98.0 99
48 98.1 99
49 98.4 99
50 98.8 100
